"POLYGON((390.6000061 280.7000122, 463.8374939 247.8874969, 499.4500122 285.9500122, 390.6000061 280.7000122))"
"POLYGON((868.0000000 305.2000122, 908.5999756 228.1999969, 976.5000000 272.2999878, 868.0000000 305.2000122))"
"POLYGON((608.2999878 291.2000122, 499.4500122 285.9500122, 539.7000122 219.8000031, 608.2999878 291.2000122))"
"POLYGON((868.0000000 305.2000122, 763.7000122 306.6000061, 819.3499756 267.2250061, 868.0000000 305.2000122))"
"POLYGON((425.6000061 205.1000061, 463.8374939 247.8874969, 390.6000061 280.7000122, 425.6000061 205.1000061))"
"POLYGON((737.0999756 228.8999939, 819.3499756 267.2250061, 763.7000122 306.6000061, 737.0999756 228.8999939))"
"POLYGON((425.6000061 205.1000061, 390.6000061 280.7000122, 332.5000000 226.8000031, 425.6000061 205.1000061))"
"POLYGON((261.7999878 172.8999939, 332.5000000 226.8000031, 252.0000000 248.5000000, 261.7999878 172.8999939))"
"POLYGON((908.5999756 228.1999969, 868.0000000 305.2000122, 819.3499756 267.2250061, 908.5999756 228.1999969))"
"POLYGON((261.7999878 172.8999939, 252.0000000 248.5000000, 202.9623566 187.0697479, 261.7999878 172.8999939))"
"POLYGON((156.8000031 135.8000031, 202.9623566 187.0697479, 144.8999939 204.3999939, 156.8000031 135.8000031))"
"POLYGON((539.7000122 219.8000031, 499.4500122 285.9500122, 463.8374939 247.8874969, 539.7000122 219.8000031))"
"POLYGON((156.8000031 135.8000031, 261.7999878 172.8999939, 202.9623566 187.0697479, 156.8000031 135.8000031))"
"POLYGON((261.7999878 172.8999939, 425.6000061 205.1000061, 332.5000000 226.8000031, 261.7999878 172.8999939))"
"POLYGON((425.6000061 205.1000061, 539.7000122 219.8000031, 463.8374939 247.8874969, 425.6000061 205.1000061))"
"POLYGON((608.2999878 291.2000122, 539.7000122 219.8000031, 737.0999756 228.8999939, 608.2999878 291.2000122))"
"POLYGON((737.0999756 228.8999939, 908.5999756 228.1999969, 819.3499756 267.2250061, 737.0999756 228.8999939))"
"POLYGON((390.6000061 280.7000122, 252.0000000 248.5000000, 332.5000000 226.8000031, 390.6000061 280.7000122))"
"POLYGON((252.0000000 248.5000000, 144.8999939 204.3999939, 202.9623566 187.0697479, 252.0000000 248.5000000))"
"POLYGON((763.7000122 306.6000061, 608.2999878 291.2000122, 737.0999756 228.8999939, 763.7000122 306.6000061))"
"POLYGON((138.6000061 267.3999939, 137.1999969 225.3999939, 266.7000122 275.7999878, 138.6000061 267.3999939))"
"POLYGON((197.3999939 313.6000061, 138.6000061 267.3999939, 266.7000122 275.7999878, 197.3999939 313.6000061))"
"POLYGON((598.5000000 333.2000122, 653.7999878 365.2250061, 606.9000244 389.2000122, 598.5000000 333.2000122))"
"POLYGON((945.0000000 347.8999939, 999.5999756 347.8999939, 949.8125000 370.4750061, 945.0000000 347.8999939))"
"POLYGON((710.5000000 398.2999878, 653.7999878 365.2250061, 699.2999878 340.2000122, 710.5000000 398.2999878))"
"POLYGON((710.5000000 398.2999878, 699.2999878 340.2000122, 748.5094604 360.8433533, 710.5000000 398.2999878))"
"POLYGON((598.5000000 333.2000122, 606.9000244 389.2000122, 556.5517578 368.1222229, 598.5000000 333.2000122))"
"POLYGON((999.5999756 347.8999939, 999.5999756 391.2999878, 949.8125000 370.4750061, 999.5999756 347.8999939))"
"POLYGON((336.7000122 350.7000122, 266.7000122 275.7999878, 401.1000061 306.6000061, 336.7000122 350.7000122))"
"POLYGON((336.7000122 350.7000122, 197.3999939 313.6000061, 266.7000122 275.7999878, 336.7000122 350.7000122))"
"POLYGON((401.1000061 306.6000061, 598.5000000 333.2000122, 556.5517578 368.1222229, 401.1000061 306.6000061))"
"POLYGON((503.2999878 380.1000061, 336.7000122 350.7000122, 401.1000061 306.6000061, 503.2999878 380.1000061))"
"POLYGON((401.1000061 306.6000061, 556.5517578 368.1222229, 503.2999878 380.1000061, 401.1000061 306.6000061))"
"POLYGON((598.5000000 333.2000122, 699.2999878 340.2000122, 653.7999878 365.2250061, 598.5000000 333.2000122))"
"POLYGON((855.0499878 394.7999878, 800.0999756 347.2000122, 945.0000000 347.8999939, 855.0499878 394.7999878))"
"POLYGON((800.0999756 347.2000122, 748.5094604 360.8433533, 699.2999878 340.2000122, 800.0999756 347.2000122))"
"POLYGON((800.0999756 347.2000122, 855.0499878 394.7999878, 748.5094604 360.8433533, 800.0999756 347.2000122))"
"POLYGON((945.0000000 347.8999939, 949.8125000 370.4750061, 855.0499878 394.7999878, 945.0000000 347.8999939))"
"POLYGON((999.5999756 391.2999878, 855.0499878 394.7999878, 949.8125000 370.4750061, 999.5999756 391.2999878))"
"POLYGON((710.5000000 398.2999878, 748.5094604 360.8433533, 855.0499878 394.7999878, 710.5000000 398.2999878))"
"POLYGON((710.5000000 398.2999878, 606.9000244 389.2000122, 653.7999878 365.2250061, 710.5000000 398.2999878))"
"POLYGON((503.2999878 380.1000061, 556.5517578 368.1222229, 606.9000244 389.2000122, 503.2999878 380.1000061))"
